1 0.00500011444092
2 0.00600004196167
3 0.00399994850159
4 0.00400018692017
5 0.00500011444092
6 0.00499987602234
7 0.00500011444092
8 0.00500011444092
9 0.00400018692017
10 0.00500011444092
11 0.00399994850159
12 0.00399994850159
13 0.00399994850159
14 0.00400018692017
15 0.00400018692017
16 0.00500011444092
17 0.00500011444092
18 0.00400018692017
19 0.00500011444092
20 0.00500011444092
21 0.00500011444092
22 0.00499987602234
23 0.00399994850159
24 0.00399994850159
25 0.00400018692017
26 0.00399994850159
27 0.00399994850159
28 0.00400018692017
29 0.00399994850159
30 0.00399994850159
31 0.00399994850159
32 0.00500011444092
33 0.00399994850159
34 0.00399994850159
35 0.00400018692017
36 0.00400018692017
37 0.00499987602234
38 0.00400018692017
39 0.00399994850159
40 0.00400018692017
41 0.00399994850159
42 0.00499987602234
43 0.00399994850159
44 0.00399994850159
45 0.00499987602234
46 0.00400018692017
47 0.00399994850159
48 0.00399994850159
49 0.00500011444092
50 0.00399994850159
51 0.00399994850159
52 0.00499987602234
53 0.00399994850159
54 0.00399994850159
55 0.00399994850159
56 0.00399994850159
57 0.00399994850159
58 0.00399994850159
59 0.00400018692017
60 0.00399994850159
61 0.00399994850159
62 0.00399994850159
63 0.00399994850159
64 0.00500011444092
65 0.00500011444092
66 0.00400018692017
67 0.00399994850159
68 0.00399994850159
69 0.00399994850159
70 0.00499987602234
71 0.00400018692017
72 0.00400018692017
73 0.00499987602234
74 0.00399994850159
75 0.00399994850159
76 0.00399994850159
77 0.00500011444092
78 0.00399994850159
79 0.00399994850159
80 0.00400018692017
81 0.00399994850159
82 0.00399994850159
83 0.00500011444092
84 0.00400018692017
85 0.00499987602234
86 0.00399994850159
87 0.00399994850159
88 0.00400018692017
89 0.00399994850159
90 0.00399994850159
91 0.00500011444092
92 0.00399994850159
93 0.00500011444092
94 0.00500011444092
95 0.00399994850159
96 0.00499987602234
97 0.00399994850159
98 0.00400018692017
99 0.00500011444092
100 0.00499987602234
101 0.00399994850159
102 0.00400018692017
103 0.00400018692017
104 0.00399994850159
105 0.00400018692017
106 0.00400018692017
107 0.00400018692017
108 0.00399994850159
109 0.00399994850159
110 0.00399994850159
111 0.00399994850159
112 0.00399994850159
113 0.00399994850159
114 0.00399994850159
115 0.00500011444092
116 0.00399994850159
117 0.00499987602234
118 0.00399994850159
119 0.00499987602234
120 0.00399994850159
121 0.00500011444092
122 0.00499987602234
123 0.00499987602234
124 0.00399994850159
125 0.00399994850159
126 0.00399994850159
127 0.00399994850159
128 0.00499987602234
129 0.00399994850159
130 0.00399994850159
131 0.00499987602234
132 0.00500011444092
133 0.00400018692017
134 0.00400018692017
135 0.00400018692017
136 0.00399994850159
137 0.00499987602234
138 0.00500011444092
139 0.00399994850159
140 0.00399994850159
141 0.00399994850159
142 0.00399994850159
143 0.00399994850159
144 0.00500011444092
145 0.00399994850159
146 0.00500011444092
147 0.00399994850159
148 0.00399994850159
149 0.00399994850159
150 0.00399994850159
151 0.00399994850159
152 0.00499987602234
153 0.00399994850159
154 0.00399994850159
155 0.00500011444092
156 0.00500011444092
157 0.00400018692017
158 0.00399994850159
159 0.00499987602234
160 0.00399994850159
161 0.00499987602234
162 0.00499987602234
163 0.00399994850159
164 0.00500011444092
165 0.00399994850159
166 0.00499987602234
167 0.00399994850159
168 0.00499987602234
169 0.00399994850159
170 0.00499987602234
171 0.00399994850159
172 0.00399994850159
173 0.00399994850159
174 0.00399994850159
175 0.00400018692017
176 0.00500011444092
177 0.00399994850159
178 0.00499987602234
179 0.00399994850159
180 0.00399994850159
181 0.00399994850159
182 0.00400018692017
183 0.00399994850159
184 0.00399994850159
185 0.00399994850159
186 0.00500011444092
187 0.00500011444092
188 0.00399994850159
189 0.00399994850159
190 0.00399994850159
191 0.00500011444092
192 0.00399994850159
193 0.00400018692017
194 0.00500011444092
195 0.00399994850159
196 0.00399994850159
197 0.00500011444092
198 0.00399994850159
199 0.00399994850159
200 0.00500011444092
201 0.00400018692017
202 0.00399994850159
203 0.00499987602234
204 0.00399994850159
205 0.00399994850159
206 0.00499987602234
207 0.00500011444092
208 0.00399994850159
209 0.00399994850159
210 0.00499987602234
211 0.00499987602234
212 0.00399994850159
213 0.00400018692017
214 0.00399994850159
215 0.00399994850159
216 0.00399994850159
217 0.00399994850159
218 0.00499987602234
219 0.00399994850159
220 0.00499987602234
221 0.00399994850159
222 0.00499987602234
223 0.00400018692017
224 0.00499987602234
225 0.00399994850159
226 0.00399994850159
227 0.00500011444092
228 0.00399994850159
229 0.00499987602234
230 0.00400018692017
231 0.00399994850159
232 0.00399994850159
233 0.00399994850159
234 0.00499987602234
235 0.00399994850159
236 0.00399994850159
237 0.00399994850159
238 0.00399994850159
239 0.00399994850159
240 0.00399994850159
241 0.00399994850159
242 0.00399994850159
243 0.00500011444092
244 0.00399994850159
245 0.00399994850159
246 0.00399994850159
247 0.00399994850159
248 0.00399994850159
249 0.00499987602234
250 0.00399994850159
251 0.00399994850159
252 0.00399994850159
253 0.00399994850159
254 0.00500011444092
255 0.00499987602234
256 0.00499987602234
257 0.00399994850159
258 0.00599980354309
259 0.00399994850159
260 0.00399994850159
261 0.00399994850159
262 0.00499987602234
263 0.00500011444092
264 0.00399994850159
265 0.00499987602234
266 0.00399994850159
267 0.00400018692017
268 0.00500011444092
269 0.00399994850159
270 0.00399994850159
271 0.00399994850159
272 0.00399994850159
273 0.00399994850159
274 0.00399994850159
275 0.00499987602234
276 0.00499987602234
277 0.00499987602234
278 0.00399994850159
279 0.00499987602234
280 0.00400018692017
281 0.00500011444092
282 0.00400018692017
283 0.00399994850159
284 0.00399994850159
285 0.00400018692017
286 0.00500011444092
287 0.00400018692017
288 0.00399994850159
289 0.00399994850159
290 0.00499987602234
291 0.00399994850159
292 0.00399994850159
293 0.00399994850159
294 0.00399994850159
295 0.00399994850159
296 0.00399994850159
297 0.00499987602234
298 0.00500011444092
299 0.00399994850159
300 0.00499987602234
301 0.00399994850159
302 0.00400018692017
303 0.00399994850159
304 0.00400018692017
305 0.00399994850159
306 0.00399994850159
307 0.00399994850159
308 0.00399994850159
309 0.00399994850159
310 0.00499987602234
311 0.00399994850159
312 0.00399994850159
313 0.00399994850159
314 0.00500011444092
315 0.00400018692017
316 0.00399994850159
317 0.00400018692017
318 0.00500011444092
319 0.00399994850159
320 0.00500011444092
321 0.00400018692017
322 0.00400018692017
323 0.00399994850159
324 0.00499987602234
325 0.00499987602234
326 0.00500011444092
327 0.00499987602234
328 0.00499987602234
329 0.00399994850159
330 0.00399994850159
331 0.00399994850159
332 0.00399994850159
333 0.00400018692017
334 0.00499987602234
335 0.00399994850159
336 0.00400018692017
337 0.00399994850159
338 0.00399994850159
339 0.00399994850159
340 0.00399994850159
341 0.00400018692017
342 0.00399994850159
343 0.00500011444092
344 0.00399994850159
345 0.00399994850159
346 0.00400018692017
347 0.00399994850159
348 0.00399994850159
349 0.00399994850159
350 0.00400018692017
351 0.00399994850159
352 0.00400018692017
353 0.00399994850159
354 0.00399994850159
355 0.00399994850159
356 0.00399994850159
357 0.00399994850159
358 0.00500011444092
359 0.00500011444092
360 0.00399994850159
361 0.00399994850159
362 0.00499987602234
363 0.00399994850159
364 0.00400018692017
365 0.00500011444092
366 0.00399994850159
367 0.00399994850159
368 0.00399994850159
369 0.00400018692017
370 0.00399994850159
371 0.00399994850159
372 0.00399994850159
373 0.00399994850159
374 0.00400018692017
375 0.00399994850159
