1 0.0019998550415
2 0.0
3 0.000999927520752
4 0.0
5 0.000999927520752
6 0.0
7 0.000999927520752
8 0.0
9 0.000999927520752
10 0.0
11 0.0
12 0.0
13 0.0
14 0.0
15 0.0
16 0.000999927520752
17 0.000999927520752
18 0.00100016593933
19 0.000999927520752
20 0.00100016593933
21 0.000999927520752
22 0.0
23 0.0
24 0.0
25 0.0
26 0.0
27 0.0
28 0.000999927520752
29 0.0
30 0.0
31 0.0
32 0.0
33 0.0
34 0.0
35 0.000999927520752
36 0.0
37 0.0
38 0.0
39 0.0
40 0.0
41 0.000999927520752
42 0.0
43 0.0
44 0.0
45 0.0
46 0.000999927520752
47 0.000999927520752
48 0.0
49 0.00100016593933
50 0.0
51 0.0
52 0.000999927520752
53 0.000999927520752
54 0.0
55 0.0
56 0.0
57 0.0
58 0.000999927520752
59 0.0
60 0.0
61 0.0
62 0.0
63 0.0
64 0.0
65 0.0
66 0.000999927520752
67 0.0
68 0.0
69 0.0
70 0.0
71 0.00100016593933
72 0.0
73 0.000999927520752
74 0.0
75 0.000999927520752
76 0.00100016593933
77 0.000999927520752
78 0.000999927520752
79 0.000999927520752
80 0.0
81 0.0
82 0.000999927520752
83 0.0
84 0.0
85 0.0
86 0.0
87 0.0
88 0.0
89 0.0
90 0.000999927520752
91 0.00100016593933
92 0.0
93 0.0
94 0.00100016593933
95 0.000999927520752
96 0.000999927520752
97 0.0
98 0.0
99 0.0
100 0.00100016593933
101 0.00100016593933
102 0.000999927520752
103 0.0
104 0.0
105 0.00100016593933
106 0.00100016593933
107 0.0
108 0.0
109 0.0
110 0.0
111 0.000999927520752
112 0.0
113 0.0
114 0.0
115 0.00100016593933
116 0.000999927520752
117 0.0
118 0.000999927520752
119 0.0
120 0.0
121 0.000999927520752
122 0.000999927520752
123 0.0
124 0.0
125 0.0
126 0.0
127 0.000999927520752
128 0.0
129 0.0
130 0.0
131 0.0
132 0.000999927520752
133 0.0
134 0.0
135 0.0
136 0.00100016593933
137 0.0
138 0.0
139 0.0
140 0.0
141 0.000999927520752
142 0.00100016593933
143 0.0
144 0.0
145 0.0
146 0.0
147 0.0
148 0.0
149 0.0
150 0.000999927520752
151 0.0
152 0.000999927520752
153 0.0
154 0.0
155 0.000999927520752
156 0.00100016593933
157 0.000999927520752
158 0.0
159 0.000999927520752
160 0.000999927520752
161 0.000999927520752
162 0.0
163 0.00100016593933
164 0.0
165 0.0
166 0.000999927520752
167 0.000999927520752
168 0.000999927520752
169 0.0
170 0.000999927520752
171 0.0
172 0.000999927520752
173 0.0
174 0.0
175 0.0
176 0.000999927520752
177 0.0
178 0.0
179 0.00100016593933
180 0.0
181 0.0
182 0.0
183 0.0
184 0.000999927520752
185 0.0
186 0.0
187 0.0
188 0.0
189 0.000999927520752
190 0.000999927520752
191 0.0
192 0.00100016593933
193 0.00100016593933
194 0.000999927520752
195 0.0
196 0.0
197 0.0
198 0.0
199 0.0
200 0.0
201 0.0
202 0.0
203 0.0
204 0.0
205 0.0
206 0.0
207 0.000999927520752
208 0.0
209 0.000999927520752
210 0.0
211 0.0
212 0.0
213 0.0
214 0.0
215 0.000999927520752
216 0.0
217 0.000999927520752
218 0.0
219 0.0
220 0.0
221 0.0
222 0.000999927520752
223 0.0
224 0.000999927520752
225 0.00100016593933
226 0.0
227 0.00100016593933
228 0.0
229 0.0
230 0.0
231 0.0
232 0.00100016593933
233 0.000999927520752
234 0.0
235 0.000999927520752
236 0.0
237 0.0
238 0.0
239 0.0
240 0.000999927520752
241 0.0
242 0.000999927520752
243 0.00100016593933
244 0.000999927520752
245 0.0
246 0.0
247 0.0
248 0.0
249 0.0
250 0.00100016593933
251 0.0
252 0.0
253 0.0
254 0.0
255 0.0
256 0.0
257 0.0
258 0.0
259 0.0
260 0.0
261 0.0
262 0.0
263 0.0
264 0.00100016593933
265 0.00100016593933
266 0.0
267 0.0
268 0.0
269 0.0
270 0.000999927520752
271 0.0
272 0.000999927520752
273 0.0
274 0.0
275 0.0
276 0.0
277 0.0
278 0.0
279 0.000999927520752
280 0.00100016593933
281 0.0
282 0.00100016593933
283 0.0
284 0.000999927520752
285 0.0
286 0.0
287 0.0
288 0.00100016593933
289 0.00100016593933
290 0.0
291 0.00100016593933
292 0.000999927520752
293 0.0
294 0.0
295 0.0
296 0.000999927520752
297 0.000999927520752
298 0.000999927520752
299 0.0
300 0.0
301 0.0
302 0.00100016593933
303 0.00100016593933
304 0.0
305 0.0
306 0.0
307 0.0
308 0.00100016593933
309 0.0
310 0.000999927520752
311 0.0
312 0.0
313 0.0
314 0.0
315 0.0
316 0.0
317 0.0
318 0.000999927520752
319 0.00100016593933
320 0.0
321 0.0
322 0.00100016593933
323 0.0
324 0.0
325 0.0
326 0.0
327 0.0
328 0.0
329 0.000999927520752
330 0.0
331 0.0
332 0.0
333 0.0
334 0.0
335 0.000999927520752
336 0.0
337 0.0
338 0.0
339 0.0
340 0.0
341 0.0
342 0.000999927520752
343 0.0
344 0.0
345 0.0
346 0.0
347 0.0
348 0.0
349 0.0
350 0.0
351 0.0
352 0.0
353 0.0
354 0.00100016593933
355 0.0
356 0.0
357 0.0
358 0.00100016593933
359 0.0
360 0.0
361 0.0
362 0.0
363 0.00100016593933
364 0.0
365 0.0
366 0.0
367 0.0
368 0.0
369 0.000999927520752
370 0.0
371 0.0
372 0.0
373 0.0
374 0.0
375 0.0
376 0.000999927520752
377 0.0
378 0.0
379 0.000999927520752
380 0.0
381 0.0
382 0.0
383 0.00100016593933
384 0.0
385 0.0
386 0.0
387 0.00100016593933
388 0.0
389 0.0
390 0.0
391 0.0
392 0.0
393 0.0
394 0.0
395 0.000999927520752
396 0.0
397 0.000999927520752
398 0.000999927520752
399 0.0
400 0.00100016593933
401 0.0
402 0.00100016593933
403 0.0
404 0.0
405 0.0
406 0.0
407 0.000999927520752
408 0.0
409 0.0
410 0.0
411 0.0
412 0.0
413 0.0
414 0.0
415 0.0
416 0.0
417 0.0
418 0.0
419 0.0
420 0.0
421 0.0
422 0.0
423 0.0
424 0.0
425 0.0
426 0.0
427 0.0
428 0.0
429 0.0
430 0.0
431 0.0
432 0.0
433 0.0
434 0.0
435 0.0
436 0.0
437 0.0
438 0.000999927520752
439 0.000999927520752
440 0.0
441 0.000999927520752
442 0.0
443 0.0
444 0.0
445 0.0
446 0.0
447 0.000999927520752
448 0.0
449 0.0
450 0.0
451 0.0
452 0.0
453 0.0
454 0.0
455 0.0
456 0.0
457 0.00100016593933
458 0.00100016593933
459 0.0
460 0.0
461 0.0
462 0.00100016593933
463 0.000999927520752
464 0.0
465 0.0
466 0.0
467 0.000999927520752
468 0.0
469 0.00100016593933
470 0.0
471 0.0
472 0.0
473 0.0
474 0.0
475 0.0
476 0.0
477 0.00100016593933
478 0.0
479 0.000999927520752
480 0.0
481 0.0
482 0.0
483 0.0
484 0.0
485 0.0
486 0.0
487 0.0
488 0.000999927520752
489 0.0
490 0.0
491 0.0
492 0.000999927520752
493 0.00100016593933
494 0.0
495 0.0
496 0.0
497 0.0
498 0.000999927520752
499 0.00100016593933
500 0.0
501 0.0
502 0.0
503 0.0
504 0.0
505 0.0
506 0.0
507 0.0
508 0.0
509 0.0
510 0.0
511 0.0
512 0.0
513 0.000999927520752
514 0.0
515 0.000999927520752
516 0.0
517 0.0
518 0.0
519 0.0
520 0.000999927520752
521 0.0
522 0.0
523 0.0
524 0.000999927520752
525 0.0
526 0.0
527 0.0
528 0.000999927520752
529 0.00100016593933
530 0.0
531 0.0
532 0.000999927520752
533 0.0
534 0.0
535 0.0
536 0.0
537 0.000999927520752
538 0.0
539 0.0
540 0.0
541 0.0
542 0.0
543 0.0
544 0.0
545 0.0
546 0.0
547 0.00100016593933
548 0.0
549 0.0
550 0.0
551 0.0
552 0.00100016593933
553 0.00100016593933
554 0.0
555 0.0
556 0.000999927520752
557 0.0
558 0.000999927520752
559 0.000999927520752
560 0.0
561 0.0
562 0.000999927520752
563 0.0
564 0.0
565 0.0
566 0.0
567 0.00100016593933
568 0.0
569 0.0
570 0.00100016593933
571 0.000999927520752
572 0.0
573 0.00100016593933
574 0.000999927520752
575 0.00100016593933
576 0.0
577 0.0
578 0.0
579 0.000999927520752
580 0.0
581 0.0
582 0.0
583 0.0
584 0.0
585 0.0
586 0.00100016593933
587 0.00100016593933
588 0.0
589 0.00100016593933
590 0.0
591 0.0
592 0.0
593 0.0
594 0.000999927520752
595 0.0
596 0.0
597 0.000999927520752
598 0.0
599 0.0
600 0.0
601 0.000999927520752
602 0.00100016593933
603 0.0
604 0.0
605 0.00100016593933
606 0.000999927520752
607 0.000999927520752
608 0.000999927520752
609 0.0
610 0.0
611 0.0
612 0.0
613 0.00100016593933
614 0.0
615 0.0
616 0.0
617 0.0
618 0.0
619 0.0
620 0.0
621 0.0
622 0.0
623 0.0
624 0.0
625 0.0
626 0.0
627 0.0
628 0.0
629 0.0
