1 0.00600004196167
2 0.00500011444092
3 0.00500011444092
4 0.00499987602234
5 0.00400018692017
6 0.00500011444092
7 0.00499987602234
8 0.00400018692017
9 0.00399994850159
10 0.00399994850159
11 0.00399994850159
12 0.00399994850159
13 0.00500011444092
14 0.00399994850159
15 0.00500011444092
16 0.00399994850159
17 0.00399994850159
18 0.00400018692017
19 0.00400018692017
20 0.00399994850159
21 0.00399994850159
22 0.00399994850159
23 0.00399994850159
24 0.00399994850159
25 0.00400018692017
26 0.00399994850159
27 0.00399994850159
28 0.00399994850159
29 0.00399994850159
30 0.00399994850159
31 0.00400018692017
32 0.00399994850159
33 0.00399994850159
34 0.00399994850159
35 0.00399994850159
36 0.00400018692017
37 0.00499987602234
38 0.00400018692017
39 0.00399994850159
40 0.00399994850159
41 0.00399994850159
42 0.00399994850159
43 0.00399994850159
44 0.00399994850159
45 0.00399994850159
46 0.00400018692017
47 0.00399994850159
48 0.00399994850159
49 0.00500011444092
50 0.00400018692017
51 0.00399994850159
52 0.00499987602234
53 0.00399994850159
54 0.00499987602234
55 0.00400018692017
56 0.00500011444092
57 0.00399994850159
58 0.00499987602234
59 0.00499987602234
60 0.00399994850159
61 0.00399994850159
62 0.00499987602234
63 0.00399994850159
64 0.00399994850159
65 0.00399994850159
66 0.00499987602234
67 0.00499987602234
68 0.00399994850159
69 0.00399994850159
70 0.00399994850159
71 0.00399994850159
72 0.00400018692017
73 0.00399994850159
74 0.00500011444092
75 0.00499987602234
76 0.00399994850159
77 0.00400018692017
78 0.00400018692017
79 0.00500011444092
80 0.00399994850159
81 0.00499987602234
82 0.00399994850159
83 0.00399994850159
84 0.00399994850159
85 0.00399994850159
86 0.00399994850159
87 0.00399994850159
88 0.00499987602234
89 0.00399994850159
90 0.00399994850159
91 0.00399994850159
92 0.00399994850159
93 0.00400018692017
94 0.00399994850159
95 0.00500011444092
96 0.00500011444092
97 0.00499987602234
98 0.00500011444092
99 0.00400018692017
100 0.00400018692017
101 0.00399994850159
102 0.00500011444092
103 0.00399994850159
104 0.00399994850159
105 0.00400018692017
106 0.00399994850159
107 0.00499987602234
108 0.00499987602234
109 0.00399994850159
110 0.00399994850159
111 0.00399994850159
112 0.00400018692017
113 0.00400018692017
114 0.00500011444092
115 0.00500011444092
116 0.00399994850159
117 0.00499987602234
118 0.00499987602234
119 0.00399994850159
120 0.00399994850159
121 0.00399994850159
122 0.00399994850159
123 0.00399994850159
124 0.00399994850159
125 0.00399994850159
126 0.00499987602234
127 0.00399994850159
128 0.00399994850159
129 0.00399994850159
130 0.00399994850159
131 0.00400018692017
132 0.00400018692017
133 0.00399994850159
134 0.00499987602234
135 0.00500011444092
136 0.00499987602234
137 0.00399994850159
138 0.00499987602234
139 0.00400018692017
140 0.00399994850159
141 0.00500011444092
142 0.00399994850159
143 0.00500011444092
144 0.00400018692017
145 0.00400018692017
146 0.00399994850159
147 0.00399994850159
148 0.00500011444092
149 0.00399994850159
150 0.00500011444092
151 0.00399994850159
152 0.00500011444092
153 0.00399994850159
154 0.00399994850159
155 0.00399994850159
156 0.00400018692017
157 0.00399994850159
158 0.00399994850159
159 0.00399994850159
160 0.00399994850159
161 0.00500011444092
162 0.00399994850159
163 0.00399994850159
164 0.00500011444092
165 0.00500011444092
166 0.00399994850159
167 0.00400018692017
168 0.00399994850159
169 0.00399994850159
170 0.00399994850159
171 0.00400018692017
172 0.00399994850159
173 0.00400018692017
174 0.00399994850159
175 0.00399994850159
176 0.00399994850159
177 0.00399994850159
178 0.00399994850159
179 0.00500011444092
180 0.00399994850159
181 0.00399994850159
182 0.00399994850159
183 0.00399994850159
184 0.00500011444092
185 0.00399994850159
186 0.00399994850159
187 0.00399994850159
188 0.00399994850159
189 0.00399994850159
190 0.00400018692017
191 0.00500011444092
192 0.00400018692017
193 0.00399994850159
194 0.00399994850159
195 0.00400018692017
196 0.00400018692017
197 0.00400018692017
198 0.00399994850159
199 0.00400018692017
200 0.00399994850159
201 0.00400018692017
202 0.00500011444092
203 0.00399994850159
204 0.00399994850159
205 0.00399994850159
206 0.00399994850159
207 0.00500011444092
208 0.00499987602234
209 0.00399994850159
210 0.00399994850159
211 0.00399994850159
212 0.00499987602234
213 0.00399994850159
214 0.00399994850159
215 0.00399994850159
216 0.00399994850159
217 0.00399994850159
218 0.00400018692017
219 0.00500011444092
220 0.00399994850159
221 0.00399994850159
222 0.00399994850159
223 0.00399994850159
224 0.00399994850159
225 0.00399994850159
226 0.00500011444092
227 0.00399994850159
228 0.00399994850159
229 0.00400018692017
230 0.00400018692017
231 0.00399994850159
232 0.00400018692017
233 0.00400018692017
234 0.00400018692017
235 0.00399994850159
236 0.00399994850159
237 0.00399994850159
238 0.00500011444092
239 0.00399994850159
240 0.00499987602234
241 0.00399994850159
242 0.00399994850159
243 0.00399994850159
244 0.00399994850159
245 0.00399994850159
246 0.00399994850159
247 0.00500011444092
248 0.00399994850159
249 0.00500011444092
250 0.00499987602234
251 0.00499987602234
252 0.00399994850159
253 0.00399994850159
254 0.00499987602234
255 0.00399994850159
256 0.00399994850159
257 0.00399994850159
258 0.00399994850159
259 0.00399994850159
260 0.00499987602234
261 0.00399994850159
262 0.00399994850159
263 0.00399994850159
264 0.00500011444092
265 0.00399994850159
266 0.00399994850159
267 0.00399994850159
268 0.00500011444092
269 0.00500011444092
270 0.00399994850159
271 0.00500011444092
272 0.00499987602234
273 0.00499987602234
274 0.00399994850159
275 0.00500011444092
276 0.00400018692017
277 0.00500011444092
278 0.00399994850159
279 0.00399994850159
280 0.00399994850159
281 0.00399994850159
282 0.00399994850159
283 0.00500011444092
284 0.00400018692017
285 0.00399994850159
286 0.00399994850159
287 0.00500011444092
288 0.00399994850159
289 0.00400018692017
290 0.00499987602234
291 0.00500011444092
292 0.00399994850159
293 0.00399994850159
294 0.00499987602234
295 0.00400018692017
296 0.00399994850159
297 0.00500011444092
298 0.00400018692017
299 0.00499987602234
300 0.00399994850159
301 0.00500011444092
302 0.00399994850159
303 0.00399994850159
304 0.00400018692017
305 0.00499987602234
306 0.00500011444092
307 0.00399994850159
308 0.00399994850159
309 0.00399994850159
310 0.00500011444092
311 0.00600004196167
312 0.00499987602234
313 0.00399994850159
314 0.00399994850159
315 0.00399994850159
316 0.00500011444092
317 0.00399994850159
318 0.00399994850159
319 0.00399994850159
320 0.00399994850159
321 0.00500011444092
322 0.00399994850159
323 0.00399994850159
324 0.00399994850159
325 0.00500011444092
326 0.00500011444092
327 0.00500011444092
328 0.00399994850159
329 0.00399994850159
330 0.00399994850159
331 0.00399994850159
332 0.00400018692017
333 0.00399994850159
334 0.00400018692017
335 0.00399994850159
336 0.00399994850159
337 0.00399994850159
338 0.00399994850159
339 0.00399994850159
340 0.00500011444092
341 0.00399994850159
342 0.00399994850159
343 0.00499987602234
344 0.00500011444092
345 0.00500011444092
346 0.00500011444092
347 0.00499987602234
348 0.00400018692017
349 0.00500011444092
350 0.00500011444092
351 0.00399994850159
352 0.00500011444092
353 0.00400018692017
354 0.00399994850159
355 0.00400018692017
356 0.00399994850159
357 0.00400018692017
358 0.00500011444092
