1 0.0100002288818
2 0.00999999046326
3 0.00999999046326
4 0.00999999046326
5 0.00999999046326
6 0.010999917984
7 0.00999999046326
8 0.00999999046326
9 0.00999999046326
10 0.00999999046326
11 0.00999999046326
12 0.00999999046326
13 0.00999999046326
14 0.0090000629425
15 0.00999999046326
16 0.00999999046326
17 0.0090000629425
18 0.00999999046326
19 0.0090000629425
20 0.00999999046326
21 0.00999999046326
22 0.00999999046326
23 0.0090000629425
24 0.00999999046326
25 0.0090000629425
26 0.00999999046326
27 0.0090000629425
28 0.00999999046326
29 0.0090000629425
30 0.00999999046326
31 0.0090000629425
32 0.00899982452393
33 0.00999999046326
34 0.0090000629425
35 0.00999999046326
36 0.00999999046326
37 0.0090000629425
38 0.0090000629425
39 0.00999999046326
40 0.0100002288818
41 0.0090000629425
42 0.00999999046326
43 0.010999917984
44 0.0090000629425
45 0.00999999046326
46 0.0110001564026
47 0.0090000629425
48 0.00999999046326
49 0.00999999046326
50 0.00999999046326
51 0.0090000629425
52 0.0090000629425
53 0.0090000629425
54 0.00999999046326
55 0.00999999046326
56 0.0090000629425
57 0.0090000629425
58 0.0090000629425
59 0.0090000629425
60 0.00999999046326
61 0.00999999046326
62 0.0090000629425
63 0.0090000629425
64 0.0090000629425
65 0.00799989700317
66 0.00799989700317
67 0.00800013542175
68 0.010999917984
69 0.00999999046326
70 0.00999999046326
71 0.010999917984
72 0.00999999046326
73 0.00999999046326
74 0.00999999046326
75 0.00999999046326
76 0.00999999046326
77 0.00999999046326
78 0.0100002288818
79 0.00999999046326
80 0.00999999046326
81 0.00999999046326
82 0.00899982452393
83 0.00999999046326
84 0.0090000629425
85 0.0090000629425
86 0.00999999046326
87 0.00999999046326
88 0.00999999046326
89 0.00999999046326
90 0.0090000629425
91 0.00899982452393
92 0.00999999046326
93 0.00999999046326
94 0.00999999046326
95 0.00999999046326
96 0.00999999046326
97 0.00999999046326
98 0.0090000629425
99 0.0090000629425
100 0.00999999046326
101 0.0090000629425
102 0.00899982452393
103 0.0090000629425
104 0.0090000629425
105 0.00999999046326
106 0.00899982452393
107 0.00999999046326
108 0.00999999046326
109 0.00999999046326
110 0.00999999046326
111 0.0090000629425
112 0.0090000629425
113 0.0090000629425
114 0.0090000629425
115 0.0090000629425
116 0.00899982452393
117 0.0090000629425
118 0.00999999046326
119 0.0090000629425
120 0.00999999046326
121 0.00999999046326
122 0.00999999046326
123 0.0090000629425
124 0.00999999046326
125 0.00999999046326
126 0.0110001564026
127 0.0110001564026
128 0.00999999046326
129 0.00999999046326
130 0.00799989700317
131 0.00999999046326
132 0.00999999046326
133 0.00999999046326
134 0.0090000629425
135 0.0090000629425
136 0.0090000629425
137 0.00800013542175
138 0.00800013542175
139 0.00799989700317
140 0.00799989700317
141 0.00799989700317
142 0.00800013542175
143 0.00800013542175
144 0.00999999046326
145 0.00899982452393
146 0.00999999046326
147 0.00999999046326
148 0.00799989700317
149 0.00799989700317
150 0.00800013542175
151 0.00800013542175
152 0.0090000629425
153 0.0090000629425
154 0.0090000629425
155 0.0100002288818
156 0.00999999046326
157 0.00899982452393
158 0.00999999046326
159 0.0090000629425
160 0.00799989700317
161 0.0090000629425
162 0.00899982452393
163 0.00799989700317
164 0.00999999046326
165 0.00999999046326
166 0.0090000629425
167 0.0110001564026
168 0.010999917984
169 0.0110001564026
170 0.0100002288818
171 0.0110001564026
172 0.010999917984
173 0.00999999046326
174 0.00799989700317
175 0.00899982452393
176 0.00999999046326
177 0.0100002288818
178 0.00999999046326
179 0.00999999046326
180 0.0110001564026
181 0.010999917984
182 0.010999917984
183 0.0110001564026
184 0.0090000629425
185 0.00999999046326
186 0.00999999046326
187 0.010999917984
188 0.010999917984
189 0.010999917984
190 0.00999999046326
191 0.00999999046326
192 0.0110001564026
193 0.00999999046326
194 0.00999999046326
195 0.00999999046326
196 0.0110001564026
197 0.010999917984
198 0.010999917984
199 0.0110001564026
200 0.0110001564026
201 0.0110001564026
202 0.00999999046326
203 0.00800013542175
204 0.0090000629425
205 0.00999999046326
206 0.00999999046326
207 0.0100002288818
208 0.010999917984
209 0.010999917984
210 0.00899982452393
211 0.00999999046326
212 0.00999999046326
213 0.0090000629425
214 0.00999999046326
215 0.0120000839233
216 0.00999999046326
217 0.010999917984
218 0.0090000629425
219 0.00899982452393
220 0.00999999046326
221 0.00999999046326
222 0.0110001564026
223 0.0110001564026
224 0.0110001564026
225 0.0110001564026
226 0.010999917984
227 0.010999917984
228 0.00799989700317
229 0.0090000629425
230 0.00899982452393
231 0.010999917984
232 0.0110001564026
233 0.0110001564026
234 0.0090000629425
235 0.010999917984
236 0.00899982452393
237 0.00899982452393
238 0.0090000629425
239 0.010999917984
240 0.010999917984
241 0.00799989700317
242 0.0090000629425
243 0.0090000629425
244 0.00999999046326
245 0.00899982452393
246 0.00899982452393
247 0.0090000629425
248 0.00899982452393
249 0.00899982452393
250 0.0090000629425
251 0.00800013542175
252 0.0090000629425
253 0.00899982452393
254 0.00999999046326
255 0.00800013542175
256 0.0090000629425
257 0.0090000629425
258 0.00800013542175
259 0.00799989700317
260 0.0090000629425
261 0.0090000629425
262 0.00799989700317
263 0.00699996948242
264 0.00799989700317
265 0.00799989700317
266 0.00699996948242
267 0.00799989700317
268 0.00799989700317
269 0.00699996948242
270 0.00800013542175
271 0.00999999046326
272 0.0090000629425
273 0.0090000629425
274 0.00800013542175
275 0.00799989700317
276 0.00899982452393
277 0.00999999046326
278 0.0090000629425
279 0.007000207901
280 0.00699996948242
281 0.00799989700317
282 0.00800013542175
283 0.0090000629425
284 0.00799989700317
285 0.0100002288818
286 0.00999999046326
287 0.00899982452393
288 0.00999999046326
289 0.00800013542175
290 0.0090000629425
291 0.00999999046326
292 0.0100002288818
293 0.00999999046326
294 0.0090000629425
295 0.00799989700317
296 0.00800013542175
297 0.010999917984
298 0.00999999046326
299 0.00899982452393
300 0.010999917984
301 0.00999999046326
302 0.00800013542175
303 0.00799989700317
304 0.00799989700317
305 0.00799989700317
306 0.00799989700317
307 0.0090000629425
308 0.00899982452393
309 0.00799989700317
310 0.0090000629425
311 0.00800013542175
312 0.00800013542175
313 0.00999999046326
314 0.0090000629425
315 0.00799989700317
316 0.0090000629425
317 0.00799989700317
318 0.00899982452393
319 0.00999999046326
320 0.00999999046326
321 0.0090000629425
322 0.00999999046326
323 0.00999999046326
324 0.00999999046326
325 0.00999999046326
326 0.00999999046326
327 0.00799989700317
328 0.0090000629425
329 0.00799989700317
330 0.00899982452393
331 0.010999917984
332 0.00999999046326
333 0.00999999046326
334 0.00899982452393
335 0.00999999046326
336 0.00999999046326
337 0.00999999046326
338 0.0090000629425
339 0.00999999046326
340 0.010999917984
341 0.00999999046326
342 0.00999999046326
343 0.00999999046326
344 0.00999999046326
345 0.00999999046326
346 0.00999999046326
347 0.00999999046326
348 0.0090000629425
349 0.00999999046326
350 0.00999999046326
351 0.00999999046326
352 0.00799989700317
353 0.00999999046326
354 0.010999917984
355 0.00799989700317
356 0.00999999046326
357 0.00999999046326
358 0.0110001564026
359 0.00999999046326
360 0.00999999046326
361 0.00899982452393
362 0.00999999046326
363 0.0090000629425
364 0.00800013542175
365 0.0090000629425
366 0.00999999046326
367 0.0090000629425
368 0.00999999046326
369 0.00999999046326
370 0.00800013542175
371 0.0090000629425
372 0.00999999046326
373 0.00799989700317
374 0.00800013542175
375 0.00999999046326
376 0.010999917984
377 0.0090000629425
378 0.0110001564026
379 0.010999917984
380 0.0090000629425
381 0.0090000629425
382 0.0090000629425
383 0.00899982452393
384 0.00799989700317
385 0.0090000629425
386 0.0090000629425
387 0.00799989700317
388 0.010999917984
389 0.0110001564026
390 0.00999999046326
391 0.00800013542175
392 0.00800013542175
393 0.00999999046326
394 0.00999999046326
395 0.010999917984
396 0.00799989700317
397 0.00999999046326
398 0.00899982452393
399 0.0090000629425
400 0.0090000629425
401 0.00999999046326
402 0.00999999046326
403 0.0090000629425
404 0.00799989700317
405 0.00799989700317
406 0.00800013542175
407 0.0090000629425
408 0.0090000629425
409 0.0090000629425
410 0.00800013542175
411 0.00799989700317
412 0.00899982452393
413 0.00899982452393
414 0.00999999046326
415 0.010999917984
416 0.010999917984
417 0.0100002288818
418 0.00999999046326
419 0.0090000629425
420 0.0090000629425
421 0.0090000629425
422 0.00899982452393
423 0.00999999046326
424 0.0090000629425
425 0.00799989700317
426 0.00999999046326
427 0.0090000629425
428 0.00999999046326
429 0.0090000629425
430 0.0090000629425
431 0.0090000629425
432 0.00899982452393
433 0.0090000629425
434 0.00999999046326
435 0.00999999046326
436 0.0100002288818
437 0.00799989700317
438 0.00799989700317
439 0.00899982452393
440 0.0090000629425
441 0.0090000629425
442 0.0090000629425
443 0.0090000629425
444 0.00999999046326
445 0.0090000629425
446 0.0090000629425
447 0.00999999046326
448 0.00799989700317
449 0.00999999046326
450 0.00899982452393
451 0.00799989700317
452 0.00899982452393
453 0.0090000629425
454 0.00799989700317
455 0.00800013542175
456 0.0090000629425
457 0.00800013542175
458 0.00999999046326
459 0.0090000629425
460 0.00799989700317
461 0.00799989700317
462 0.00999999046326
463 0.0090000629425
464 0.0090000629425
465 0.0090000629425
466 0.0090000629425
467 0.00799989700317
468 0.00800013542175
469 0.00800013542175
470 0.0090000629425
471 0.0090000629425
472 0.0090000629425
473 0.00799989700317
474 0.00799989700317
475 0.00699996948242
476 0.00799989700317
477 0.00999999046326
478 0.0090000629425
479 0.0110001564026
480 0.0090000629425
481 0.00800013542175
482 0.00899982452393
483 0.0090000629425
484 0.0090000629425
485 0.00799989700317
486 0.00799989700317
487 0.00999999046326
488 0.00999999046326
489 0.0090000629425
490 0.0090000629425
491 0.0090000629425
492 0.00800013542175
493 0.00899982452393
494 0.00800013542175
495 0.00800013542175
496 0.00800013542175
497 0.0090000629425
498 0.0090000629425
499 0.00799989700317
500 0.00800013542175
