1 0.447000026703
2 0.317999839783
3 0.31500005722
4 0.31299996376
5 0.318000078201
6 0.3140001297
7 0.318000078201
8 0.313999891281
9 0.31500005722
10 0.321000099182
11 0.313999891281
12 0.31299996376
13 0.313999891281
14 0.31299996376
15 0.31500005722
16 0.316999912262
17 0.313999891281
18 0.318000078201
19 0.315999984741
20 0.31299996376
21 0.315999984741
22 0.31500005722
23 0.318000078201
24 0.313999891281
25 0.317000150681
26 0.313999891281
27 0.315999984741
28 0.3140001297
29 0.315999984741
30 0.319999933243
31 0.313999891281
32 0.31299996376
33 0.31200003624
34 0.31500005722
35 0.314999818802
36 0.314999818802
37 0.315999984741
38 0.31299996376
39 0.31500005722
40 0.315999984741
41 0.318000078201
42 0.31500005722
43 0.31200003624
44 0.31500005722
45 0.317999839783
46 0.318000078201
47 0.315999984741
48 0.315999984741
49 0.315999984741
50 0.313999891281
51 0.317000150681
52 0.31299996376
53 0.31299996376
54 0.313999891281
55 0.313999891281
56 0.317000150681
57 0.3140001297
58 0.319000005722
59 0.316999912262
60 0.319000005722
61 0.3140001297
62 0.315999984741
63 0.313999891281
64 0.315999984741
65 0.31600022316
66 0.318000078201
67 0.319999933243
68 0.31500005722
69 0.31299996376
70 0.317000150681
71 0.313999891281
72 0.31299996376
73 0.318000078201
74 0.313999891281
75 0.315999984741
76 0.3140001297
77 0.315999984741
78 0.3140001297
79 0.313999891281
80 0.3140001297
81 0.313999891281
82 0.315999984741
83 0.315999984741
84 0.315999984741
85 0.3140001297
86 0.31299996376
87 0.315999984741
88 0.31500005722
89 0.314999818802
90 0.317999839783
91 0.3140001297
92 0.315999984741
93 0.31500005722
94 0.313999891281
95 0.318000078201
96 0.315999984741
97 0.315999984741
98 0.0169999599457
99 0.316999912262
100 0.0169999599457
101 0.314999818802
102 0.3140001297
103 0.314999818802
104 0.315999984741
105 0.314999818802
106 0.313000202179
107 0.315999984741
108 0.313999891281
109 0.319000005722
110 0.0169999599457
111 0.320000171661
112 0.315999984741
113 0.31200003624
114 0.313999891281
115 0.313999891281
116 0.31299996376
117 0.31500005722
118 0.3140001297
119 0.313999891281
120 0.315999984741
121 0.311999797821
122 0.313999891281
123 0.315999984741
124 0.315999984741
125 0.31200003624
126 0.3140001297
127 0.319000005722
128 0.314999818802
129 0.317000150681
130 0.316999912262
131 0.3140001297
132 0.3140001297
133 0.315999984741
134 0.31299996376
135 0.315999984741
136 0.313000202179
137 0.313999891281
138 0.31500005722
139 0.316999912262
140 0.315999984741
141 0.315999984741
142 0.315999984741
143 0.317000150681
144 0.316999912262
145 0.313999891281
146 0.314999818802
147 0.31299996376
148 0.315999984741
149 0.313999891281
150 0.316999912262
151 0.3140001297
152 0.314999818802
153 0.313999891281
154 0.315999984741
155 0.317000150681
156 0.31299996376
157 0.314999818802
158 0.317000150681
159 0.314999818802
160 0.311999797821
161 0.3140001297
162 0.320999860764
163 0.0169999599457
164 0.321000099182
165 0.315999984741
166 0.31299996376
167 0.31500005722
168 0.31500005722
169 0.31500005722
170 0.313999891281
171 0.319000005722
172 0.315999984741
173 0.315999984741
174 0.315999984741
175 0.317999839783
176 0.317000150681
177 0.313999891281
178 0.319000005722
179 0.0150001049042
180 0.0150001049042
181 0.31500005722
182 0.317000150681
183 0.319999933243
184 0.315999984741
185 0.31299996376
186 0.31299996376
187 0.313999891281
188 0.31500005722
189 0.31500005722
190 0.31500005722
191 0.313999891281
192 0.320000171661
193 0.315999984741
194 0.3140001297
195 0.318000078201
196 0.318000078201
197 0.316999912262
198 0.318000078201
199 0.31500005722
200 0.319000005722
201 0.320000171661
202 0.314999818802
203 0.315999984741
204 0.321000099182
205 0.316999912262
206 0.315999984741
207 0.315999984741
208 0.318000078201
209 0.316999912262
210 0.315999984741
211 0.319999933243
212 0.319000005722
213 0.315999984741
214 0.322999954224
215 0.313999891281
216 0.315999984741
217 0.319000005722
218 0.313000202179
219 0.319000005722
220 0.322000026703
221 0.315999984741
222 0.314999818802
223 0.315999984741
224 0.317000150681
225 0.31500005722
226 0.3140001297
227 0.3140001297
228 0.322000026703
229 0.316999912262
230 0.316999912262
231 0.31500005722
232 0.319999933243
233 0.31500005722
234 0.313999891281
235 0.3140001297
236 0.318000078201
237 0.316999912262
238 0.31500005722
239 0.318000078201
240 0.322000026703
241 0.31299996376
242 0.3140001297
243 0.313999891281
244 0.317000150681
245 0.319000005722
246 0.316999912262
247 0.315999984741
248 0.318000078201
249 0.313999891281
250 0.315999984741
251 0.314999818802
252 0.318000078201
253 0.318000078201
254 0.317000150681
255 0.316999912262
256 0.318000078201
257 0.322999954224
258 0.318000078201
259 0.319000005722
260 0.331000089645
261 0.318000078201
262 0.317999839783
263 0.315999984741
264 0.315999984741
265 0.315999984741
266 0.3140001297
267 0.320999860764
268 0.3140001297
269 0.318000078201
270 0.31500005722
271 0.316999912262
272 0.31500005722
273 0.314999818802
274 0.31299996376
275 0.31200003624
276 0.31500005722
277 0.31500005722
278 0.3140001297
279 0.317999839783
280 0.317000150681
281 0.316999912262
282 0.319999933243
283 0.313999891281
284 0.3140001297
285 0.3140001297
286 0.315999984741
287 0.315999984741
288 0.31500005722
289 0.31500005722
290 0.318000078201
291 0.315999984741
292 0.31500005722
293 0.318000078201
294 0.316999912262
295 0.319000005722
296 0.31500005722
297 0.315999984741
298 0.31500005722
299 0.316999912262
300 0.31299996376
301 0.315999984741
302 0.319999933243
303 0.314999818802
304 0.315999984741
305 0.315999984741
306 0.315999984741
307 0.315999984741
308 0.31500005722
309 0.318999767303
310 0.317000150681
311 0.315999984741
