1 0.0190000534058
2 0.0169999599457
3 0.0160000324249
4 0.0160000324249
5 0.0159997940063
6 0.0159997940063
7 0.0160000324249
8 0.0160000324249
9 0.0169999599457
10 0.0169999599457
11 0.0169999599457
12 0.0160000324249
13 0.0170001983643
14 0.0179998874664
15 0.0160000324249
16 0.0160000324249
17 0.0169999599457
18 0.0169999599457
19 0.0169999599457
20 0.0160000324249
21 0.0169999599457
22 0.0160000324249
23 0.0160000324249
24 0.0160000324249
25 0.0170001983643
26 0.0169999599457
27 0.0169999599457
28 0.0169999599457
29 0.0169999599457
30 0.0160000324249
31 0.0169999599457
32 0.0159997940063
33 0.0179998874664
34 0.0160000324249
35 0.0160000324249
36 0.0160000324249
37 0.0169999599457
38 0.0160000324249
39 0.0169999599457
40 0.0160000324249
41 0.0169999599457
42 0.0160000324249
43 0.0160000324249
44 0.0169999599457
45 0.0169999599457
46 0.0160000324249
47 0.0170001983643
48 0.0160000324249
49 0.0160000324249
50 0.0160000324249
51 0.0169999599457
52 0.0169999599457
53 0.018000125885
54 0.0159997940063
55 0.0160000324249
56 0.0170001983643
57 0.0169999599457
58 0.0169999599457
59 0.0169999599457
60 0.0170001983643
61 0.0170001983643
62 0.0169999599457
63 0.0169999599457
64 0.0160000324249
65 0.0160000324249
66 0.0169999599457
67 0.0169999599457
68 0.0169999599457
69 0.0160000324249
70 0.0160000324249
71 0.0169999599457
72 0.0169999599457
73 0.0169999599457
74 0.0169999599457
75 0.0179998874664
76 0.018000125885
77 0.0160000324249
78 0.0160000324249
79 0.0160000324249
80 0.0160000324249
81 0.0169999599457
82 0.0169999599457
83 0.0170001983643
84 0.0160000324249
85 0.0159997940063
86 0.0160000324249
87 0.0169999599457
88 0.0160000324249
89 0.0160000324249
90 0.0169999599457
91 0.018000125885
92 0.0169999599457
93 0.0169999599457
94 0.0169999599457
95 0.0169999599457
96 0.0169999599457
97 0.0169999599457
98 0.0160000324249
99 0.0169999599457
100 0.0159997940063
101 0.0170001983643
102 0.018000125885
103 0.0169999599457
104 0.0169999599457
105 0.0169999599457
106 0.0169999599457
107 0.0169999599457
108 0.0169999599457
109 0.0169999599457
110 0.018000125885
111 0.0169999599457
112 0.018000125885
113 0.0170001983643
114 0.0169999599457
115 0.0169999599457
116 0.0160000324249
117 0.0169999599457
118 0.0170001983643
119 0.0179998874664
120 0.0179998874664
121 0.0179998874664
122 0.0169999599457
123 0.0160000324249
124 0.0170001983643
125 0.0160000324249
126 0.0169999599457
127 0.0169999599457
128 0.0170001983643
129 0.0170001983643
130 0.0169999599457
131 0.0169999599457
132 0.0160000324249
133 0.0160000324249
134 0.0169999599457
135 0.0169999599457
136 0.0179998874664
137 0.0169999599457
138 0.0169999599457
139 0.0160000324249
140 0.0169999599457
141 0.0179998874664
142 0.0160000324249
143 0.0170001983643
144 0.0169999599457
145 0.0169999599457
146 0.0160000324249
147 0.0170001983643
148 0.0169999599457
149 0.018000125885
150 0.0169999599457
151 0.0169999599457
152 0.018000125885
153 0.0169999599457
154 0.0179998874664
155 0.0169999599457
156 0.018000125885
157 0.0179998874664
158 0.0169999599457
159 0.0170001983643
160 0.0170001983643
161 0.0169999599457
162 0.0169999599457
163 0.0160000324249
164 0.0170001983643
165 0.018000125885
166 0.0179998874664
167 0.0169999599457
168 0.0169999599457
169 0.0169999599457
170 0.0169999599457
171 0.0169999599457
172 0.0169999599457
173 0.0169999599457
174 0.0160000324249
175 0.0169999599457
176 0.0169999599457
177 0.0169999599457
178 0.018000125885
179 0.0149998664856
180 0.0150001049042
181 0.0169999599457
182 0.0160000324249
183 0.0169999599457
184 0.0169999599457
185 0.0160000324249
186 0.0160000324249
187 0.0160000324249
188 0.0169999599457
189 0.0169999599457
190 0.0169999599457
191 0.0169999599457
192 0.0169999599457
193 0.0169999599457
194 0.0169999599457
195 0.0160000324249
196 0.0170001983643
197 0.0169999599457
198 0.0169999599457
199 0.0169999599457
200 0.0160000324249
201 0.0169999599457
202 0.0160000324249
203 0.0169999599457
204 0.0169999599457
205 0.0170001983643
206 0.0169999599457
207 0.0169999599457
208 0.0169999599457
209 0.0169999599457
210 0.0170001983643
211 0.0160000324249
212 0.0169999599457
213 0.0169999599457
214 0.0169999599457
215 0.0179998874664
216 0.0169999599457
217 0.0169999599457
218 0.0169999599457
219 0.0169999599457
220 0.0160000324249
221 0.0160000324249
222 0.0169999599457
223 0.0169999599457
224 0.0170001983643
225 0.0179998874664
226 0.0169999599457
227 0.0159997940063
228 0.0160000324249
229 0.0169999599457
230 0.0169999599457
231 0.0169999599457
232 0.0169999599457
233 0.0170001983643
234 0.0170001983643
235 0.0169999599457
236 0.0169999599457
237 0.0169999599457
238 0.0169999599457
239 0.018000125885
240 0.0179998874664
241 0.0169999599457
242 0.0169999599457
243 0.0170001983643
244 0.0170001983643
245 0.0169999599457
246 0.0169999599457
247 0.0169999599457
248 0.0169999599457
249 0.0169999599457
250 0.0169999599457
251 0.0179998874664
252 0.0169999599457
253 0.0169999599457
254 0.0169999599457
255 0.0169999599457
256 0.0169999599457
257 0.0159997940063
258 0.0159997940063
259 0.0179998874664
260 0.0170001983643
261 0.0170001983643
262 0.0169999599457
263 0.0169999599457
264 0.0169999599457
265 0.0169999599457
266 0.0169999599457
267 0.0169999599457
268 0.0179998874664
269 0.0169999599457
270 0.0160000324249
271 0.0160000324249
272 0.0169999599457
273 0.0179998874664
274 0.0169999599457
275 0.0169999599457
276 0.0170001983643
277 0.0169999599457
278 0.0179998874664
279 0.0169999599457
280 0.0160000324249
281 0.0170001983643
282 0.0179998874664
283 0.0169999599457
284 0.0169999599457
285 0.0170001983643
286 0.0169999599457
287 0.0169999599457
288 0.0160000324249
289 0.0170001983643
290 0.018000125885
291 0.0179998874664
292 0.0169999599457
293 0.0169999599457
294 0.0170001983643
295 0.0170001983643
296 0.0169999599457
297 0.0179998874664
298 0.0169999599457
299 0.0169999599457
300 0.0160000324249
301 0.018000125885
302 0.0169999599457
303 0.0169999599457
304 0.0169999599457
305 0.0170001983643
306 0.0179998874664
307 0.0169999599457
308 0.0169999599457
309 0.0169999599457
310 0.0160000324249
311 0.0160000324249
